203,44 337,47 253,86 354,34 258,74 360,56 540,83 348,01 471,99 402,77 444,72 860,39 499,44 638,14 504,42 650,85 554,03 573,97 614,86 624,05 840,80 611,92 656,80 760,12 994,43 1014,62 1233,78 920,45 833,00 1320,04 2352,54 2020,79 1674,98 1806,78 1631,80 931,70 1343,50 2639,97 1935,13 1765,80 2770,13 1585,52 1033,06 2567,15 2392,70 1065,89 3262,63 2193,49 3584,30 
400,35 226,69 389,09 97,18 157,23 582,14 273,35 470,52 346,81 267,19 678,64 300,46 620,26 380,42 628,93 471,99 506,90 570,09 583,33 647,22 555,03 620,04 557,03 800,17 813,26 1040,43 717,44 638,79 1127,93 2187,40 1847,67 1491,18 1624,89 1443,47 751,66 1143,70 2472,12 1751,98 1577,80 2603,63 1390,14 852,61 2395,60 2216,92 885,85 3100,18 2012,46 3424,95 
190,03 52,70 356,29 497,21 203,44 236,88 169,97 217,31 457,65 1051,06 566,67 328,30 383,70 343,59 343,59 335,00 337,06 339,93 996,80 350,40 364,01 857,97 1142,37 1120,52 1379,41 973,54 825,29 1469,03 2566,99 2219,17 1847,67 1983,96 1790,41 860,39 1452,20 2848,00 2107,72 1924,19 2980,73 1715,94 955,10 2767,12 2583,06 984,32 3480,62 2370,71 3807,89 
166,67 167,50 307,32 356,29 100,00 246,08 149,07 282,84 861,04 383,70 403,46 268,74 413,99 300,46 320,59 367,05 377,86 807,77 360,56 412,65 674,95 954,52 938,38 1192,57 801,73 670,41 1282,03 2376,97 2029,30 1658,98 1795,05 1602,95 733,52 1271,26 2658,01 1919,27 1736,94 2790,71 1532,06 833,00 2577,30 2393,63 864,42 3290,60 2182,06 3617,93 
333,75 471,40 195,08 194,37 126,93 166,67 417,67 1023,20 529,68 291,55 333,33 305,96 291,07 283,82 291,07 295,33 964,51 301,85 321,89 819,89 1108,05 1081,41 1343,71 930,05 777,82 1433,43 2538,59 2188,67 1814,14 1950,78 1755,15 809,15 1412,05 2818,29 2073,71 1888,64 2951,32 1677,47 903,39 2736,23 2550,93 932,44 3452,09 2336,96 3780,14 
142,40 519,08 186,34 396,16 260,87 186,34 696,02 250,00 536,71 283,33 544,16 377,12 413,99 480,74 494,69 648,50 463,38 531,77 531,51 798,09 793,90 1037,76 676,80 575,66 1126,70 2211,65 1865,77 1499,35 1634,78 1446,16 674,12 1127,07 2493,60 1760,05 1580,44 2626,04 1382,13 775,49 2413,96 2231,65 808,46 3125,26 2022,24 3452,09 
650,00 301,85 519,08 372,68 166,67 554,03 150,92 643,34 333,33 648,29 454,91 499,44 575,66 591,14 506,90 551,76 628,27 401,39 657,44 660,39 897,53 560,26 490,46 986,15 2069,89 1723,45 1357,28 1492,57 1304,91 617,57 992,47 2351,48 1618,04 1439,23 2484,00 1243,87 716,86 2271,62 2089,26 750,19 2983,52 1880,09 3310,67 
351,58 142,40 291,07 565,93 1192,80 683,33 186,34 432,37 202,76 330,82 294,86 246,08 238,63 1124,48 277,39 242,67 964,51 1261,50 1219,40 1491,55 1051,06 878,29 1581,14 2703,14 2348,64 1966,74 2104,03 1902,70 872,10 1543,53 2979,42 2224,24 2034,84 3113,05 1814,22 956,41 2894,44 2706,01 981,64 3615,55 2487,75 3945,22 
217,31 74,54 223,61 841,46 337,47 350,40 169,97 357,85 208,83 236,88 296,74 310,02 776,21 282,84 346,81 626,28 917,12 887,26 1151,33 736,73 591,14 1241,08 2353,72 2001,18 1623,44 1760,37 1562,94 641,40 1217,69 2631,54 1882,45 1696,16 2764,91 1483,43 739,74 2548,04 2361,38 770,64 3266,71 2145,86 3595,75 
150,92 424,92 1054,75 542,63 166,67 291,55 180,28 203,44 179,51 167,50 169,97 983,90 184,09 195,08 822,26 1119,77 1077,03 1349,28 909,82 740,12 1438,85 2562,66 2207,37 1824,68 1962,00 1760,37 744,80 1401,59 2838,23 2082,00 1892,46 2971,95 1671,99 833,33 2752,83 2564,07 860,23 3474,71 2345,50 3804,68 
274,87 903,85 392,29 275,88 166,67 283,33 153,66 171,59 224,23 236,88 833,50 213,44 273,35 674,95 970,68 932,44 1201,85 772,08 613,28 1291,53 2412,24 2057,57 1676,31 1813,53 1613,31 643,13 1259,85 2688,35 1934,27 1745,87 2821,99 1528,43 738,24 2603,47 2415,34 767,75 3324,53 2197,79 3654,30 
633,55 117,85 519,08 179,51 520,95 311,36 359,78 441,27 457,65 559,02 412,31 493,57 402,77 696,02 663,74 928,56 519,08 395,11 1018,30 2137,76 1782,71 1401,98 1539,12 1340,19 487,91 994,71 2413,50 1660,40 1473,19 2547,17 1259,85 589,26 2328,63 2140,74 622,27 3049,82 1923,90 3379,76 
516,67 1150,48 801,56 1151,09 935,71 985,59 1068,75 1085,38 117,85 1036,69 1119,77 305,96 186,34 304,14 393,35 416,67 560,01 471,99 1515,93 1170,47 814,62 947,07 773,34 734,09 544,93 1797,61 1074,97 906,76 1930,03 744,80 789,69 1718,69 1538,49 813,94 2429,56 1334,37 2757,06 
634,21 287,71 635,30 421,97 471,40 554,03 570,57 441,27 523,34 605,76 291,55 579,75 554,78 814,11 426,87 339,93 903,85 2020,04 1665,42 1286,04 1423,02 1225,65 469,34 887,57 2296,13 1544,97 1359,02 2429,73 1149,40 567,65 2211,65 2024,30 600,93 2932,24 1808,39 3262,07 
350,40 16,67 219,22 169,97 89,75 74,54 1067,84 126,93 60,09 891,00 1192,80 1131,86 1412,05 948,68 761,58 1500,46 2639,97 2279,68 1889,30 2026,63 1819,04 726,67 1444,15 2909,94 2142,49 1948,58 3044,17 1718,20 802,77 2820,81 2628,48 825,29 3548,28 2405,15 3880,01 
350,00 134,37 184,09 267,19 283,82 717,44 235,70 318,42 542,63 843,93 790,57 1067,19 618,69 450,31 1156,26 2291,05 1931,97 1544,16 1681,60 1476,67 477,55 1111,81 2562,66 1799,46 1607,71 2696,76 1383,43 573,97 2474,82 2283,88 604,15 3200,56 2062,70 3531,84 
217,31 167,50 84,98 68,72 1067,19 121,34 47,14 888,98 1190,82 1128,05 1408,80 943,55 755,17 1497,03 2637,81 2277,06 1885,99 2023,27 1815,14 716,86 1438,85 2907,13 2138,67 1944,37 3041,38 1713,10 791,80 2817,60 2624,93 813,94 3545,58 2401,16 3877,46 
50,00 133,33 150,00 850,16 101,38 184,09 671,85 973,68 913,63 1193,15 733,52 552,02 1281,71 2420,80 2060,47 1670,41 1807,78 1600,78 542,63 1228,93 2690,78 1924,12 1730,77 2824,99 1502,31 630,04 2601,82 2409,76 656,80 3329,08 2186,96 3660,79 
83,33 100,00 900,15 52,70 134,37 721,50 1023,34 962,06 1242,09 780,31 596,28 1330,52 2470,38 2109,83 1719,33 1856,67 1649,24 577,59 1275,84 2740,03 1972,66 1778,97 2874,26 1549,55 661,65 2650,84 2458,55 687,18 3378,40 2235,38 3710,20 
16,67 983,47 37,27 52,70 804,33 1106,17 1043,10 1323,82 859,10 671,85 1412,05 2553,05 2192,16 1801,00 1938,28 1730,21 640,31 1354,52 2822,18 2053,72 1859,51 2956,44 1628,65 718,99 2732,62 2539,96 742,56 3460,65 2316,25 3792,57 
1000,14 52,70 37,27 820,91 1122,74 1059,35 1340,19 874,96 687,18 1428,38 2569,59 2208,63 1817,35 1954,62 1746,42 653,41 1370,32 2838,62 2069,96 1875,65 2972,89 1644,52 731,06 2748,99 2556,26 754,25 3477,11 2332,44 3809,05 
950,00 1033,33 195,08 153,66 219,22 393,35 300,46 443,78 480,74 1578,77 1224,97 851,31 987,28 798,09 616,89 513,43 1855,40 1111,81 932,44 1988,86 744,80 671,85 1772,00 1586,49 696,22 2491,10 1374,37 2820,81 
83,33 769,56 1071,34 1006,92 1287,98 822,26 634,65 1376,09 2517,94 2156,71 1765,09 1902,34 1693,94 603,92 1317,62 2786,57 2017,49 1823,08 2920,85 1591,82 683,54 2696,76 2503,89 707,50 3425,11 2279,92 3757,14 
852,61 1154,34 1088,45 1370,02 902,00 712,00 1457,93 2600,69 2239,17 1846,99 1984,17 1775,22 670,41 1396,92 2868,85 2098,81 1903,94 3003,15 1671,41 744,80 2778,69 2585,48 766,85 3507,45 2361,03 3839,60 
301,85 263,52 527,05 184,09 259,27 616,67 1748,97 1389,34 1002,77 1140,18 938,38 436,21 596,75 2020,04 1259,74 1070,95 2154,13 857,97 503,87 1932,54 1742,44 531,77 2657,95 1523,25 2989,33 
143,37 240,37 320,59 506,07 328,72 1447,22 1088,45 706,32 843,27 648,50 663,53 365,91 1719,33 965,66 782,62 1853,30 591,14 698,01 1633,08 1444,72 716,86 2356,85 1228,93 2687,94 
283,82 202,76 401,39 370,06 1518,95 1154,34 759,02 895,98 687,18 542,88 333,33 1782,01 1010,64 817,35 1916,38 596,28 566,67 1690,58 1497,03 583,10 2420,80 1273,34 2753,58 
483,62 683,54 89,75 1235,13 870,66 477,26 614,64 411,64 813,94 184,09 1499,07 732,76 544,93 1633,42 353,55 822,26 1408,80 1216,78 833,00 2137,82 996,24 2470,38 
200,00 566,91 1717,39 1351,65 953,65 1089,60 876,86 343,59 495,54 1976,81 1200,12 1003,47 2111,15 769,56 380,06 1883,33 1687,87 401,39 2615,39 1461,07 2948,63 
766,85 1917,32 1551,43 1153,02 1288,63 1074,97 177,17 687,18 2175,88 1397,72 1200,12 2310,18 962,06 253,86 2081,73 1885,62 284,80 2814,30 1657,73 3147,66 
1150,48 784,93 389,09 526,26 321,89 891,00 180,28 1411,95 643,34 455,22 1546,32 273,35 893,34 1320,77 1128,05 902,00 2050,75 906,76 2383,57 
367,05 767,39 636,83 854,08 2035,04 1255,43 291,55 554,03 748,52 418,00 1000,28 2024,98 250,00 222,36 2028,27 913,63 367,05 1242,09 
400,35 271,31 487,91 1668,00 888,98 630,92 213,44 390,16 764,85 638,79 1658,40 548,23 374,54 1662,08 1268,64 232,14 1600,43 
137,44 97,18 1267,65 490,46 1023,34 260,87 121,34 1157,70 263,52 1258,97 931,70 739,74 1263,37 1662,08 523,08 1995,13 
217,31 1400,10 618,69 887,26 130,17 130,17 1021,57 368,93 1388,24 794,60 602,31 1391,44 1525,80 387,66 1859,06 
1183,33 401,39 1102,02 323,61 134,37 1236,15 166,67 1170,94 1006,78 811,03 1174,26 1739,81 586,18 2073,38 
784,04 2284,31 1501,48 1301,71 2418,10 1054,75 101,38 2186,45 1987,81 134,37 2920,52 1756,42 3254,27 
1500,37 717,44 517,74 1634,10 274,87 769,56 1402,48 1204,16 773,16 2136,52 973,68 2470,27 
783,33 983,33 134,37 1233,78 2266,91 111,80 307,32 2267,65 638,79 539,80 971,83 
200,00 916,82 451,23 1483,71 685,16 487,91 1484,83 1419,12 263,52 1752,85 
1116,79 252,21 1283,77 884,75 686,58 1285,06 1618,81 457,65 1952,56 
1366,77 2400,06 235,70 436,21 2400,52 504,42 669,99 837,49 
1033,33 1133,46 933,93 1033,87 1867,34 701,78 2201,01 
2166,73 1966,95 33,33 2900,43 1734,05 3234,02 
200,69 2166,73 734,09 434,61 1067,84 
1966,67 933,48 233,93 1267,11 
2900,05 1733,41 3233,51 
1166,67 333,75 
1500,09 

